1000958
1001394
1001507
1002634
1003797
1005593
1006726
1007292
1007783
1009038
1009209
1012380
1014802
1025887
1027726
1041003
1041402
1043878
1044980
1045502
1046956
1047825
1049512
1050383
1051229
1052232
1052712
1053865
105400
1054086
1054171
1054376
1056070
1056145
1056230
1056329
1057400
1057856
1058278
106057
1063245
1063677
1067855
1068740
1068746
1068822
1070713
1071311
1072414
1073146
1074884
1076554
1078226
1078379
1081779
1082483
1087356
1088626
1092151
1092327
1092488
1093468
1094078
1094714
1095474
1098216
1098812
1101817
1105511
1105771
1108541
1110505
1116094
1116735
1118355
1119418
1119623
1119796
1120606
1121993
1122926
1123976
1125204
1125435
1127271
1127568
1128243
1129234
1129845
1130498
1131056
1136080
1143052
114437
1147150
1149284
1149736
114978
1152364
1154123
1154695
1155143
1161286
1166524
1170148
1170314
1172824
1173797
1173936
1175956
1176167
1176326
1177346
1178625
1178931
1179642
1180651
118079
1180805
1183958
1187242
1189302
1192994
1195568
1199830
1200268
1202131
1204262
1205160
1208072
1210607
1213648
1214833
1219069
1221749
1223553
1226942
1227711
1228224
1228967
1229945
1230088
1230771
1233844
1234756
1236076
1237477
1242584
1243332
1243681
1244782
1246367
1250851
1252627
1254260
1254609
1255250
1255641
1256173
1257957
1258931
1260378
1260536
1262560
1263842
1264422
1266106
1266172
1267945
1269704
1270568
1271064
1271692
1273172
1279658
1280541
1281734
1284139
1285220
1285315
1286822
1293196
1295143
1296744
1297882
1301079
1303710
1304715
1304782
1305505
1305516
1306031
1306338
1309215
1309805
1310384
1314578
1315596
1320232
1321058
1325674
1325908
1326591
1327263
1329900
1333124
1335877
1341443
1342510
1342849
1344739
1346755
1346779
1351257
135564
1359316
1360392
1363307
1365450
1366100
1366373
1368034
1369844
1370498
137151
1372146
1372237
1374345
1374877
1375481
1376486
1376722
1376780
1378329
1379649
1380898
1381114
1382326
1383175
1383894
1386575
1388782
1391575
1392233
1396305
1397048
1399025
1400302
1401349
1402546
1403774
1404072
1404823
1405590
1406056
1406060
1406607
1406625
1407529
1411130
1412124
1413425
14164
1417822
1419183
1422733
14230
1424997
14253
1425404
14264
1428714
1432888
1433012
1433088
1434529
1435901
1435939
1436136
1436875
1439237
1439632
1439858
14440
1444774
1448291
1448988
1449379
1453215
1454619
1454775
1457297
1457905
1458724
1458970
1459841
1460163
1463460
1465802
1471321
1471820
147240
1475345
1476631
1477859
1481513
1482313
1483035
1483888
14842
148426
14846
1484789
1490115
1490176
1491899
1491905
1492290
1492426
1494261
1495440
1495468
1495988
1496428
1496543
1496820
1498145
1498481
1498825
1499888
1500465
1502882
1503253
1504365
1505685
15066
1506746
1507888
1508406
1508528
1509397
15100
1515190
1519548
1522552
1530830
1533585
15339
1536143
1536397
1536707
1538912
1539121
1541241
1541272
1541781
1541793
1543024
1544879
1545333
1545771
15462
1546280
1546352
1546575
1547302
1549285
15494
1549640
1549642
1549858
15535
1554109
1556274
1556537
1557117
15573
15584
156037
1562451
1562588
1563017
1564915
1566479
1570444
1571787
15737
157518
1575991
1577128
15775
1581321
1581487
1581633
1584990
1585343
1586092
1586209
1586645
1589681
1591695
1592320
1592804
1592835
1592893
1593323
1597901
15987
16001
16004
1601867
1603873
1604545
1604733
1606795
1609069
1610366
1610407
1612366
1614206
1615525
161578
1616658
1619730
16206
1620881
16213
1622621
1623094
1623849
1625992
162637
1628105
1629490
1629873
1630002
1630203
1630767
1631391
1632066
1632188
1638759
1638934
1639776
1642525
1647040
1647673
1647730
1649351
1649497
1649500
1650840
1650941
1655082
1659890
166061
1672458
1676067
1680018
1680335
1680970
1686058
1686091
1687183
1691823
1692834
1698100
1704534
1704556
1704617
1704797
1705525
1722317
1740975
1745200
1745287
1745592
1752181
1752567
1753869
1756035
1757617
1758063
1758109
1759035
1759329
176111
1761310
1761831
1765030
1765845
1765848
1765860
1769449
1770832
1771836
1772087
1772899
1773373
1774768
1775518
1777327
177740
1779174
17843
1784622
1784652
1784825
1785071
1787669
1789608
1789616
1790225
1790727
1793495
1794360
1794799
1802736
1806068
1807074
1807375
1807480
1808257
1810385
1812584
1815729
1816913
1817565
1822468
1823121
1826053
1834209
1836321
1836770
1837261
1843754
1844104
1846594
1846839
1846906
1850853
1851081
18582
1870653
18893
1898045
1911664
1920658
1923546
1926658
1930851
1934353
1939878
1943172
1945314
19536
1956783
1958900
1959276
1969402
1972154
1978156
1984234
1987286
1989818
1990413
1995088
1996977
1997106
2007085
2007290
2017734
20221
20305
203671
2037683
2037687
2039545
2043380
2043675
2044062
2044091
2044715
2045469
2045582
2047614
2048193
2050309
2050599
2051664
2052414
2052732
2055848
205591
2056352
2057294
2057335
2057638
2058261
2058285
2059597
2061119
2061198
2061841
2063000
2063056
2063487
2064836
2065248
2066840
2068736
2069363
2070566
2070660
2071745
2071844
2072995
2073009
2073318
2073543
2073782
2074241
2074588
2077019
2078178
2078739
2079051
2081267
2081593
2081842
2081920
2083450
2085017
2093021
2093817
2094205
2095571
209708
2104208
2104772
2105207
2106110
2107195
2107377
2107605
2108592
2111329
2112312
2112685
2115350
2115385
2116344
2116473
2119228
2119660
2120128
2120314
2120453
2123563
2126131
2126378
2127083
21275
2128980
2129095
2130204
2130465
2131706
2133196
2134533
2134869
2136013
2136736
2136806
2137031
2137815
2138003
2141410
2141482
2141854
2142289
2142546
2145159
2145769
2146697
2146772
2147570
2147575
2149563
2155367
2155368
2157021
215774
2157905
2158419
2158910
2159551
216190
2162246
2162429
2163295
2163371
216706
2167201
2167283
2167905
2169485
2169843
2170050
2170636
2174749
2174768
2175837
2176046
2177336
2177857
2178536
2178742
2179682
218155
2181622
2183948
2184790
2184999
2185682
2187411
2187666
2188281
2188373
2189625
2189627
2189633
2190759
2191611
21921
2192188
2193431
2193540
2194457
2196001
2196003
2196993
2197554
2198966
2201625
2203339
2204788
2208060
2208397
2208442
2208578
2209358
2209962
2210130
2211666
2213316
2214203
2215179
2217123
221752
2217577
2218246
2222401
2222645
2222649
2222766
2224057
2225660
2225842
2225856
2229807
2230636
2232030
2234654
2234697
2236479
2238218
2239127
2239874
2240763
2243694
2246273
22479
2249910
2251768
2251906
2252420
2254279
2255600
2256765
2258096
2259231
2260259
2260906
2261515
226178
226195
226203
2262103
2263563
2266244
2266897
2272899
2275597
2278359
2278409
2279105
2279616
2280211
2288935
2290461
2293056
2298754
2303559
2303697
2306846
2307323
2307971
2308237
2308395
2309532
2311223
2311275
2312563
2314011
2314288
2314470
2314828
2315046
2318720
2318808
2321409
2322534
2324840
2325027
2327175
2327191
2327553
2329481
2329986
2330299
2330496
2331678
2331884
2333730
2338946
2339074
2339518
2344083
2346348
2346459
2349097
2349390
2349584
2351049
2352570
2352857
2352859
2357086
2358918
2359036
2359094
2359443
2359822
2361801
2363099
2364697
2366116
2366567
2366747
2372967
2373756
2373851
2374192
2377581
2377608
2378718
2387778
2388233
2388660
2389358
2391439
2391778
23931
2393377
2394020
2397247
2397399
2399138
2401218
2401797
2402201
2402308
2403115
2404378
2404664
2406223
2408255
2409084
2410015
2412360
2412822
2414739
2417171
2419329
2419451
2420041
2422050
2423466
2423735
2425151
2426463
2427227
2428225
2429553
2431356
2433462
2434112
2434556
2435419
2436396
2436765
2437036
2437299
2438893
2440471
2440620
2442494
244301
2445384
2446239
2446933
2447900
2448270
2448870
2449889
2451342
2451787
2452850
2452896
2452958
2452965
2453107
2453411
2454219
2455136
2455445
2456055
2456787
2456959
2458323
2458392
2459020
2459045
2459863
2462147
2464660
2465290
2465422
2466435
2466519
2467293
2467710
2467719
2467765
2469266
2469386
2470368
2470466
2470507
2470749
2471780
2472383
2472681
2473482
2474394
2474797
2475964
2477915
2478027
2478433
2478683
2479727
2480162
2481175
2481282
2481742
2482947
2483435
2485755
2485771
2487312
2488071
2488240
2488570
2489736
2490536
2493354
2495042
2496297
2498892
2499022
2501006
2501487
2503009
2504619
2505471
2506501
2509745
2513867
2514952
2516786
2517731
2518272
2520073
2521071
2522161
2524411
2524619
2524966
2525396
2529146
2530341
2530946
2534577
2534590
2536329
2536822
2538119
2538301
2538527
2540278
2541875
2543037
2544658
2545858
2546146
2546423
25475
2547825
2547970
2547997
2549816
2549825
2552711
2555402
2555431
2555581
2556371
2557101
2557762
2558768
2560804
2561037
2562549
2562780
2566951
2567511
2567564
2570570
2571250
2573128
2573950
2574214
2574622
2575924
2577170
2577538
2577672
2578109
2578126
2578644
2580199
2580825
2582213
2582505
2583889
2585386
2586705
2589390
2589687
2590091
2590306
2591734
2595211
2595267
2595753
2596614
2597306
2599423
2601059
2601985
2602638
2603827
2604365
2606761
2607054
2607647
2608207
2608448
2608726
2609111
2610690
2611329
2612575
261415
2614545
2616730
2616760
2618359
2618491
2618766
2618794
2622207
2623476
2624403
2625173
2625868
2627359
2627412
2629383
2630523
2630599
2633485
2633640
2635607
2636680
2636747
2637951
2638229
2638511
2638908
2641550
2645793
2646737
2648861
2649749
2650097
2651302
2655670
2658814
2659887
2659888
2659889
2659890
2659894
2660933
2661812
2663150
2664731
2665492
2667096
2667199
2669315
2669986
2674113
2675265
2679583
2680911
2681835
2682224
2686440
2686730
2687206
2688246
2688586
2688694
2692984
2693069
2695113
2695549
2696228
2696345
2697376
2697697
2697964
2698076
2698294
2698409
2699183
2699442
2699774
2700545
2707734
2709234
2709628
2709636
2709674
2709742
2709856
2711552
2712273
2712328
2714472
2716760
2717474
2719004
2719629
2721073
2721482
2722494
2722859
2723259
2723753
2724465
2725013
2725202
2725391
2725434
2726122
2726424
2726445
2726618
2726625
2728991
2730524
2730550
2733679
2734195
2734355
2734624
2735159
2736115
2736413
2736647
2743228
2746569
2746682
2747147
2749181
2749347
2750440
2750445
2750841
2751688
2752757
2752789
2753656
2757629
275872
2762639
2763350
2763652
2763686
2764294
2764410
2768270
2769185
2781333
2781591
2781646
2784200
2785876
2786068
2786551
2787089
2788659
2788849
2789741
2792486
2792871
2793428
2794465
2794473
2796247
2796361
2796375
2796885
2797758
2798408
2800753
2801425
2801736
2802185
2802193
2802240
2803950
2804453
2804906
2805095
2805569
2806713
2807480
2810034
2812414
2814771
2816456
2817513
2818790
2820468
2820778
2822912
2823066
2823890
28241
2825459
2827073
28273
2827529
2827929
2829419
2829532
2829642
2830577
2834864
2836844
2838820
2839364
2839508
2839802
2839966
2841685
2844048
2844149
2844211
2847628
2848306
2850652
2850722
2850725
2850763
2851674
2852300
2852309
2853049
2853908
2856488
2856530
2858683
2859029
2859536
2859575
2859579
2859583
2862102
2862215
2862337
2863096
2863584
2863822
2864079
2866266
2866780
2867236
2867544
2867570
2869015
2870590
2870852
2870880
2871431
2875664
2876243
2876716
2877934
2879512
2879737
2881803
2882618
2882620
2882624
2882638
2885822
2885943
2886025
2886698
2887172
2887785
2888164
2890718
2891342
2893692
2894372
2894687
2895581
2895586
2896141
2897656
2898153
2898156
2898194
2898616
2898627
2898630
2898636
2898652
2898930
2899254
2899983
2899987
2899993
2904812
2906474
2908031
2908711
2908756
2908769
2908929
2909776
2909959
2910157
2910276
2910298
2911240
2911255
2912253
2912481
2912621
2913048
2914301
2914702
2914865
2915370
2920323
2922421
2922689
2923135
2923150
2924440
2924446
2925931
2927228
2927325
2928152
2928534
2928581
2928730
292987
2930896
2931483
2931491
2931493
2932942
2933505
2933988
2934027
2934317
2934893
2935524
2935587
2936635
2937242
2938553
2940634
2940702
2941207
2943791
2945682
2946083
2948444
2948726
2949408
2949838
2949961
2950383
2950759
2954601
2955554
2956077
2956736
2960199
2960207
2961126
2961321
2961372
2961669
2961882
2961891
2962331
2963490
2963770
2964884
2966327
2970147
2970662
297300
2973096
2974397
2974463
2975328
2975346
2975511
2976935
2977958
2980008
2983170
2984957
2985186
2986932
2989234
2989399
2990103
2991708
2991710
2991711
2992648
2994753
2997978
2998011
2998514
2998619
2999084
2999327
3000848
3000851
3003467
3004172
3004984
3006846
3007388
3009285
3009613
3009977
3010762
3011118
3011702
3012463
3012757
3013733
3014233
30156
3015959
3016506
3018031
3018143
3018154
3018552
3018563
3020203
3021780
3021927
3022070
3022539
3024847
3025778
3025811
3025956
3027401
3028271
3029223
3030039
3030099
3030743
3031954
3032302
3033665
3035166
3035561
3035763
3043071
3043527
3043709
3043716
3043731
3044385
3044676
3047577
3047794
3048133
3051021
3051284
3051490
3051866
3051874
3055279
3055318
3055579
3056268
3056804
3057024
3057246
3057343
3057722
3057732
3057741
3057746
3057869
3057897
305795
3058839
3059191
3061039
3061666
3062242
3062524
3062579
3062847
3064187
3064228
3064858
3065334
3065374
3065376
3065378
3065379
3066046
3066533
3067314
3067433
3068683
3069043
3070739
3072415
3072955
3072975
3073311
3073887
3074642
3074805
3074808
3075787
3076180
3076859
3077199
3080619
3081644
3082075
3082703
3084647
3085936
3086457
3087073
3088717
3089917
3090154
3090627
3091724
3092328
3092692
3092716
3092843
3094395
3095762
3096114
3096952
3098979
3100315
3101329
3101755
3104671
3107936
3109390
3109637
3110843
3111254
3111889
3111892
3111947
3112348
3114132
3114672
3118513
3118525
3121205
3121958
3124654
3125247
3125997
3126509
3126579
3126595
3126855
3127961
3129742
3130405
3131750
3132009
3132061
3133717
3134506
3136588
3137255
3138121
3138200
3138312
3139315
3139884
3139889
3140531
3140537
3141252
3142765
3143629
3143988
3144050
3144064
3145263
3145778
3146578
3148495
3149707
3149943
3150259
3151823
3151825
3152274
3152281
3153186
3157298
3157863
3158769
3160126
3168267
3168366
3170670
3173696
3173709
3173786
3175117
3175247
3177279
3177352
3178211
3179133
3179973
3180614
3183039
3184031
3184169
3189812
3189820
3189974
3189990
3190226
3190559
3192462
3192878
3193655
3197296
3197829
3198131
3198260
3198339
3198732
3201168
3202348
3202753
3202844
3203481
3210980
3213214
3215822
3217658
3217825
3218080
3220750
3221300
3222136
3224830
3224895
3228927
3230810
3231498
3232029
3235587
3236320
3241177
3241178
3241579
3245200
32454
3245438
3246791
3248224
3248496
3250183
3250301
3252658
3252837
3253013
3255020
3255033
3255037
3257768
3259063
3261216
3263563
3264292
3264531
3265428
3266034
3268215
3268645
3274440
3274548
3278844
3284271
3284787
3286576
3288407
329394
3298934
3303288
3303608
330376
3304875
3304882
3304892
3306198
3307290
3310386
3310575
3312253
3312345
3312632
3312740
3313721
3314504
3316267
3320685
332268
3322834
3323262
3324374
3327433
3327777
3328570
3330032
3330595
3330688
3331006
3331730
3332055
3334461
3334468
3335074
3336376
3337721
3338274
3338955
3339876
3340007
3341546
3342510
3342532
3342546
3342566
3347071
3347772
3348573
3348807
3349370
3351428
3351828
3352011
3352156
3352347
3352662
3352726
3354610
3354730
3354800
3355143
3355211
335529
335536
3356475
3356666
3357689
3358825
3359596
3361160
3361395
3361931
3363154
3364452
3365315
3368649
3369370
3369464
3369501
337167
3371840
3371969
3371973
3372066
3372106
3372193
3372227
3372472
3373864
3373939
3374286
3377394
3377507
3378080
3378921
3378935
3380766
3380874
3384010
3385930
3386759
3387105
3388574
3389211
3389610
3391789
3391804
3391839
3392046
3392050
3392057
3392063
3392344
3392473
3394464
3395938
3397452
3398116
3404745
3405012
3405769
3405867
3408587
3408760
3409334
3409710
3411679
3412531
3415676
3415811
3416453
3416490
3416591
3418264
3420043
3420607
342185
3423411
3423608
3424282
3426116
3426269
3426495
3426932
3427241
3428244
3428586
343017
3430325
3430780
3433424
3434295
3435001
3436342
3437058
3437448
3437759
3438461
3438485
3438555
3438687
3438933
3439340
3441317
3443767
3444940
3445481
3445694
344587
3445969
3446376
3447535
3447708
3449908
3450384
3451597
3451656
3452153
3453037
3453513
3453551
3453827
3454121
3454497
3454906
3456421
3457873
3458212
3458418
3458613
3461709
3461773
3461809
3461932
3462238
3462287
3462496
3463678
3465039
3466461
3467529
3467760
3467946
3467991
3468130
3468355
3469487
3469690
3471717
3473622
3475198
3476007
3476069
3476679
3477644
3477714
3477900
3477990
3478082
3478153
3479373
3480705
3480740
3481036
3482493
3482918
3483862
3484568
3484790
3485519
3485558
3485740
3485797
3485952
3486588
3487020
3487672
3487868
3488559
3488616
3489680
3490253
3490481
3490549
3491297
3492716
3492888
3492934
3493065
3493397
3493609
3493773
3494781
3495260
3497205
3498667
3498879
3499415
3499864
3501309
3502638
3502658
3503989
3504143
3504235
3505944
3505953
3510501
3512010
3512829
3513467
3514361
3514385
3514409
3516042
3516356
3517401
3518427
3518430
3518432
3518434
3519357
3519986
3520202
3520268
3520889
3520987
3521133
3522385
3523617
3523620
3523699
3524103
3524716
3525681
3526994
3527222
3529063
3529191
3530372
3530416
3530550
3530683
3533221
3534035
3534482
3534631
3535000
3536005
3536358
3536375
3536388
3537012
3537717
3538019
3538136
3539569
3540612
3540627
3541054
3541391
3542562
3542995
3543087
3543363
3546862
3546906
3547327
3547414
3547775
3549129
3549293
3549954
3549964
3554151
3554275
3554277
3554393
3554427
3554554
3555314
3555518
3556269
3556272
3557026
3557990
3558242
3558243
3558244
3558246
3558731
3558747
3558752
3558948
3559461
3559807
3561695
3562106
3562160
3563906
3564788
3565224
3565462
3566150
3566550
3566676
3568077
3568127
356927
3571114
3571121
3571737
3572033
3572202
3572246
3572533
3572618
3572800
3574423
3574663
3574726
3574801
3575130
3576073
3576984
3578357
3579229
3579308
3579341
3579749
3580257
3581281
3582690
3582849
3583040
3584904
3585063
3586037
3587506
3587507
3589671
3589674
3589677
3592655
3592659
3592967
3595841
3596120
3597756
3597833
3599890
3600080
3600302
3600359
3601496
3602413
3603502
3603510
3604046
3604048
3604049
3604050
3604463
3605383
3605434
3605580
3605916
3606883
360926
3609307
3609852
3609909
3611263
3611931
3612040
3614310
3614312
3614494
3615053
3618764
3618958
3619211
3619225
3622334
3623243
3623764
3623810
3623977
3624657
3624659
3625032
3625142
3625249
3625446
3625808
3626417
3626497
3628602
3629071
3629245
3629282
3629296
3630009
363105
3632451
3633434
3633560
3633561
3633562
3633563
3633577
3633625
3634265
3634267
3634276
3634279
3635935
3635936
3635939
3635941
3635945
3637996
3638480
3639900
3639909
3641040
3641044
3641657
3641973
3642125
3643150
3643185
3643219
3644127
3644678
3644787
3644804
3644807
3644859
3644978
3644991
3644993
3645224
3645496
3645623
3645828
3645878
3645880
3645886
3645889
3647079
3647897
3648024
3648257
3648273
3648698
3648936
3648939
3648940
3648947
3649153
3649216
3649432
3650513
3650520
3650689
3650984
3651656
3653357
3654375
3654484
3654642
3658101
3658340
3658341
3658782
3660424
3661108
3661159
3661675
3662844
3663068
3663107
3664295
366468
3666804
3667416
3667720
3668324
3668345
3669325
3669396
3669397
3669398
3670687
3673992
3674035
3674116
3677172
3677307
3677308
3677309
3677311
3677412
3677901
3678844
3679468
3681983
3682125
3683362
3683617
3685222
3688267
3688822
3689013
3690848
3690861
3691345
3691347
3691349
3691352
3692010
3692727
3694121
3694160
3694206
3694562
3695867
3696650
3698625
3699362
3699367
3699735
3699986
3702548
3702694
3703502
3703592
3703745
3703750
3703960
3704970
3705799
3706180
3707012
3707575
3707626
3707628
3708376
3711300
3711654
3711808
3712552
3712755
3712780
3712840
3713639
3713641
3713843
3714146
3714281
3714692
3714957
3714961
3716151
3716300
3716871
3717170
3717443
3717445
3717446
3717447
3718846
3719935
3719938
3722186
3722221
3722446
3723355
3723357
3723381
3723475
3723590
3723595
3725221
3725379
3725421
3725483
3725825
3726234
3727224
3727226
3727228
3727229
3727230
3727668
3730903
3731750
3731888
3732055
3733562
3734576
3736732
3737322
3737953
3739790
3740564
3740765
3742420
3743567
3743569
3749851
3750356
3751163
3754289
3755481
3755501
3756741
3756754
3757460
3757568
3757855
3757857
3758219
3758975
3760243
3760762
3762222
3762647
3762726
3762748
3762870
3762883
3763201
3766108
3767644
3767835
3767974
3768228
3768464
3768502
3768592
3769305
3769327
3770825
3771075
377116
3771689
3771699
3771933
3771986
3772146
3772612
3772976
3773300
3773549
3773751
3773781
3774385
3774386
3774508
3774524
3774526
3775932
3775979
3780351
3780775
3781083
3781189
3783602
3783605
3783648
3783934
3783959
3784002
3784003
3784004
3784005
3784006
3784007
3784009
3784012
3784013
3784015
3784018
3784020
3784022
3784208
3784222
3787683
3787763
3788753
3788757
3788978
3789166
3789203
3789455
3789754
3789755
3789756
3789757
3789764
3791617
3792803
3793760
3794045
3794167
3795320
3795343
3795380
3796098
3797135
3797389
3797390
3799198
3799780
3799786
3799881
3799930
3802248
3802261
3802437
3802495
3802570
3802586
3803403
3803526
3803904
3804433
3804962
380527
3805815
3805921
3806234
380751
3807613
3808910
3808928
3810756
3811206
3811296
3811340
3811352
3812210
3812328
381298
3813550
3814564
3814790
3815033
3815933
3816375
3816963
3816969
3817004
3817046
3817103
3817117
3818013
3818018
3818115
3819275
3819410
3820157
3820398
3820574
3820872
3820903
3821144
3821615
3821646
3822228
3822273
3822285
3823370
3823453
3823880
3823887
3823894
3824730
3824855
3824862
3825098
3825151
3825482
3825656
3825875
3826470
3826515
3826803
3827811
3828527
3828591
3828646
3828782
3829884
3830984
3831283
3831365
3831551
3831999
3832009
3832202
3832227
3833468
3833654
3834713
3834735
3834881
3837152
3838257
3838268
3838423
3838445
3838468
3838509
3838552
3838770
3838827
3839169
3841763
3843089
3843119
3843785
3844650
3844653
3844657
3845495
3847354
3848469
3848537
3849494
3849529
3850048
3850621
3850733
3850808
3851600
3852623
3852697
3853688
3854461
3854927
3855410
3856391
3857535
3857684
3857736
3858167
3858870
3859372
3859408
3860147
3860414
3861020
3861220
3861519
3861524
3863233
3863500
3864059
3864541
3866009
3868101
3868109
3869308
3870264
3870293
3872050
3873464
3873465
3873466
3873558
3874719
3875026
3875081
3875281
3878549
3878600
3878740
3878961
3879329
3879819
3879978
3883564
3883773
3886098
3887259
3889191
3889584
3891609
3894322
3894432
3894506
3894900
3895060
3895065
3896007
3896021
3897210
3897211
3897604
3897629
3897645
3898752
3898785
3899112
3900135
3900324
3900607
3900837
3902184
3902671
3903379
3903501
3904031
3905023
3905025
3905032
3905184
3905224
3906836
3907824
3908337
3908585
3909315
3909612
3909640
3910088
3910107
3910108
3910378
3910662
3911440
3912144
3912254
3912977
3913083
3913311
3913431
3914068
3914271
3914892
3915331
3917500
3917794
3917842
3918768
3918891
3918903
3919199
3919207
3919208
3919210
3919211
3919213
3919214
3919215
3919216
3919217
3919218
3919595
3919597
3919599
3919601
3919611
3919616
3919620
3919621
3919622
3919624
3920608
3920923
3922335
3922369
3925551
3926308
3927502
3928170
3929439
3929493
3931069
3931078
3931088
3931133
3931378
3932341
3932381
3933414
3934027
3934914
3935204
3936489
3938111
3938962
3940633
3940673
3941136
3941239
3941279
3941528
3942059
3942153
3942323
3942381
3943059
3943630
3944097
3944992
3945385
3947178
3948278
3948619
3948671
3949175
3949471
3949876
3951330
3951889
3952164
3952708
3952729
3954197
3954376
3955297
3957724
3957816
3958121
3958635
3958690
3958703
3959534
3959774
3959876
3960359
3960943
3960990
3961340
3961406
3962245
3962269
3962271
3962898
3962911
3963849
3964570
3965015
3965163
3965203
3965206
3965314
3966786
396730
3968857
3969514
3970322
3970509
3970512
3970927
3970987
3971811
3972381
3972442
3972447
3972709
3972860
3973288
3973830
3973835
3973866
3974195
3974284
3974532
3974969
3975165
3976182
3976343
3978225
3978268
3978271
3978478
3978686
3978778
3978962
3979209
3980095
3980297
3980324
3980702
3980711
3980749
3981233
3982052
3982789
3982897
3983085
3983099
3983167
3983298
3984318
3985381
3985388
3985755
3986044
3986055
3986227
3986301
3987731
3987733
3988543
3988621
3988686
3988688
3988690
3988921
3988978
3989543
3990006
3990008
3990009
3990093
3990831
3991683
3993655
3993656
3994040
3994734
3995051
3995168
40085
4008714
4008776
401231
4012318
4012338
4015705
4016176
4016529
4017012
4017388
4018376
4019883
4020145
4020200
4020287
4020902
4020914
4020919
4020920
4021154
4021985
4022033
4022230
4022240
4022264
4022744
4022878
4022886
4023587
4023638
4025196
4025674
4025715
4027563
4028649
4028772
4028789
4029172
4029329
4029425
4029439
4029631
4029688
4029799
4029883
4030164
4030178
4030182
4030245
4030616
4030809
4032078
4032161
4032366
4032591
4032594
4032596
4033033
4033090
4034844
4034939
4034984
4035056
4035063
4035096
4035138
4035238
4035242
4035386
4035465
4035500
4035503
4035506
4035509
4035510
4035513
4035514
4035516
4035517
4035518
4035519
4035522
4035733
4035739
4035813
4035821
4036174
4036219
4037163
4037203
4037310
4037382
4037447
4037708
4037938
4037977
4038126
4038592
4038627
4039218
4039223
4039483
4039585
4039702
4039710
4039884
4040044
4040048
4040053
4040466
4040523
4040627
4040670
4041251
4041990
4042070
4042287
4042692
4043340
4043595
4043858
4043967
4043988
4044207
4044383
4044556
4044677
4044811
4045433
4045643
4045733
4045755
4045765
4045872
4046049
4046053
4046055
4046559
4047092
4047100
4047122
4047292
4047396
4047511
4047586
4048083
4048124
4048213
4049266
4049321
4049555
4049668
4050217
4050621
4050667
4050706
4050749
4050881
4051363
4051480
4051494
4051498
4051750
4052053
4052205
4052432
4052455
4052659
4052734
4053205
4053377
4053536
4053567
4054172
4054495
4054972
4055520
4055765
40562
4056514
4057342
4057863
4058097
4059342
4059398
4059532
4059565
4059595
4059674
4059961
4060520
4060567
4060588
4060905
4060909
4061024
4062313
4062324
4062487
4062508
4062595
4062619
4062628
4062660
4062668
4062670
4062718
4062763
4063046
4063191
4063206
4063539
4063688
4063878
4063934
4064333
4064399
4064702
4064842
4065398
433822
441467
443914
445809
453214
460651
470343
472340
472417
475237
475322
483785
487731
495514
503497
511919
512601
528042
53339
536892
537552
541746
546780
55055
564726
602106
610627
611254
619533
638103
652360
658608
663386
664589
665196
666358
670850
672524
677201
677499
677556
677581
700483
700875
705518
708830
709027
70983
712460
71485
715050
715074
731529
734258
736226
736631
741573
741839
745094
746278
748915
754707
754988
756178
770205
771692
784457
786781
790215
794114
799774
800099
800417
800920
803001
803163
803973
820024
821162
82574
828137
830633
834552
837694
838909
842608
84278
844268
844451
844884
845108
845301
845321
846819
847334
848818
850828
852542
854928
855228
855856
856310
857009
857027
857384
857825
858022
859323
859533
860060
861642
861773
862692
862702
86319
863316
863873
864087
864266
864365
864882
866792
868073
868112
868940
868945
869732
869918
870284
871129
871130
871132
871664
872077
872675
872692
876245
877373
877723
877765
878246
879363
879857
880475
882854
883102
883754
884027
884386
888058
889677
893452
894346
895097
898327
900550
900949
903252
905007
905101
909331
909459
909681
910656
911498
911897
913474
913802
914680
914827
915250
915336
916656
920101
920966
921351
922065
922200
922973
923933
924134
925809
927170
927816
931087
932029
932983
933015
933083
935503
935904
937276
937429
937534
938206
938818
940877
941249
944641
944825
945527
946154
946815
948160
948204
948372
948407
951669
952269
954579
954667
954799
954918
955734
956620
958232
961901
962551
964305
967701
968133
968968
970685
971324
978503
981322
982031
983018
983241
983288
986225
987643
988342
989119
989619
991202
991754
992568
996158
999675
