21921
715074
114978
946815
2505678
2081145
2278359
233619
2449889
2136736
377116
2177857
1204262
756178
2558768
135564
1056070
20221
2232030
933083
3454906
483785
2051664
2977958
1072414
40562
1483035
16001
205591
1460163
871358
820024
156037
1351257
3342532
3603502
962551
23931
1794799
1570444
3547327
2174749
1013207
1092488
800099
978503
1301079
1360392
2071745
846819
1076554
1050383
2493354
2707734
2254279
3622334
84278
15573
1119418
28273
15987
161578
1320232
1789608
860060
3803403
1266106
1305505
2208442
845321
3322834
2325027
2934027
53339
14440
770205
3592655
771692
71485
4313582
16213
734258
18582
1396305
821162
1934353
754988
4097753
1740975
209708
1043878
842608
3522385
1369844
4064702
2105207
221752
2679583
2898652
2275597
3236320
2420041
3941279
1127568
1458970
1366100
941249
2496297
837694
923933
541746
3974284
1053865
1325908
1205160
2622207
804844
19536
1315596
852275
1306031
3793760
2052732
2057638
913802
2456959
343017
1309215
1228967
1476631
677499
2603827
2521071
1121993
2123563
261415
2498892
2329986
1406060
2366567
2447900
2364697
2455136
3025956
2501006
4052432
3562160
3467991
3132061
2956077
2733733
2630599
2735159
2453107
2472681
2589687
2699774
2306846
2425151
2217123
2071844
2119660
1846839
1846906
2050599
1843754
1898045
1494261
1380898
1173797
1149736
1273172
1368034
968968
55055
883754
1098812
910656
70983
470343
177740
863316
786781
460651
665196
864365
216706
803973
989619
700875
537552
1054171
546780
145938
1822468
1592320
1978156
1122926
1234756
16004
2522161
1056230
1475345
114437
3883564
3347071
3645880
4186645
495514
2850763
3519357
4305304
2722494
2661812
982031
3484790
1439237
3000851
4062313
2159551
937534
3118525
2726122
3716151
3688267
2331678
4265250
4279029
3656585
3149707
3232029
2750445
1672458
3648939
2974463
2327191
3656584
2044091
2318808
1614206
1945314
2068736
2481282
3579308
2397247
3438933
2688623
1632188
2359036
2980398
1816913
3146578
3919599
4229121
3138312
1341443
4063191
4319501
2859536
1477859
3266034
3035561
3719935
2133196
4162347
2641550
2358918
3625446
3461367
3794045
1432888
3605580
3092843
2066840
3554275
3405867
2998011
4020914
2908031
2333730
3827811
3904031
2470466
4056514
2106110
4040627
3571737
2604365
2869015
3501309
858022
1346755
1309805
4160540
3965163
2303559
2805569
2577170
4222567
4096998
2627412
4098156
4176548
3051490
4020920
4083754
2524411
15535
1363307
3112348
4110712
4307383
2930896
3579229
3612038
4189285
4318405
3667416
3111254
3371969
3770825
4182505
3612040
4207553
3189990
3703750
4147420
3942323
3437448
2898930
3461709
3740564
2363099
4251854
3905032
3177352
2887172
3951889
4160404
2529146
3462287
2169485
3623243
2442494
4319500
4160406
3838967
3222136
4025715
2141410
2914965
3625808
3626417
3293936
2859029
2239874
2557101
3355143
4090985
3696650
3504143
4252928
1554109
4316620
3641040
4096989
4317340
3650513
4077359
3826515
1374345
2372967
4247453
2261515
1777327
3833654
3678844
4086049
2236479
2419329
3062847
2686440
2351049
3623761
2308237
1997106
4261371
4256533
3453551
4282772
3068683
4296822
1638759
3576983
2726625
4303157
4311062
2582505
3288407
2823066
3576984
3304875
3811206
2862337
3540105
4060588
4310102
4142871
3774524
2637951
4272693
3711300
3639904
1547302
4047122
3648940
3473622
2586705
3065374
3948671
1304782
2229807
3873466
3683617
1170314
2637911
2063056
356927
3536388
3694562
2625868
932029
4290251
3304882
4301487
3578357
1058278
3861519
4039710
3964570
3250183
3910107
1806068
4096967
4208039
2941207
3891609
915336
1007783
2743228
4291350
987643
4302983
441467
4222563
2844048
4301137
2131703
1226986
3802495
2414606
3255030
3361931
2039561
3520889
4168089
3443767
3304892
1413425
2149563
3018031
2719004
4287742
4262370
2584413
1078379
4225867
4050283
4288265
2546423
3458613
2544658
803001
4203574
1166524
1723676
4303140
4203585
4259943
3648941
2962331
3378080
4259942
4060520
2945682
3476665
4290131
3726234
3030039
1680018
2505759
3658340
4259944
1291723
3784022
4259945
3524716
1184189
3056268
1490115
2435419
4121165
2134869
2269891
2844149
2915370
2995086
4274343
2895581
2607647
3757568
2852300
3963849
4258153
3404177
3774386
2797758
790215
3825098
4252022
3392344
3566150
4233076
157518
1242584
954918
1267945
4089335
2109029
2252420
4207271
3416453
4062508
4198505
4252427
1221749
4234060
2796361
4253309
859323
1200268
3224830
952269
3057343
3919598
3557026
3520202
4044811
1638934
666358
1680335
1376780
3543087
3919199
4143387
4213269
3574663
2487312
4234087
3772146
3101329
1258931
4242313
1296744
3408760
4193121
3173709
2178536
3030743
3139256
3549964
3958635
2796375
4286897
3151823
3838468
3057732
4259675
2612575
4099101
2721482
4213719
2786068
4099383
4098200
4099133
4099305
2043380
4290373
4099479
4142570
2412822
847334
4129934
3799780
3170670
166061
2726618
3104671
4135810
3656583
2583889
3614310
3648942
1428714
3057722
3774508
4112811
3614312
3919597
3986225
638103
3641044
2840054
3958121
3391839
3587507
3611734
4229128
2185436
2126378
2495042
4268685
3656582
3917842
4037163
3834881
3822273
2723753
4062619
3919595
3855410
3648946
3978686
3074808
3822285
3919596
3144050
4062763
4302680
2927325
903252
4094078
3558752
2560804
3879819
1304715
2648861
2994753
3447708
2181622
2577538
4233059
3919622
4034844
3648698
3576073
3380766
4274834
3919624
2949838
868716
2898615
2974397
2881803
4275114
1677465
4155503
86319
3428586
2882620
2781591
4184753
3624659
4096429
3605383
2859575
3863233
3854927
2899983
2763350
3437058
1606795
2856530
2081267
3648930
3644807
2800753
4280315
2563764
3919611
2769185
1603873
4263721
3449908
4143178
3648947
1230088
3644804
3774385
147240
4225863
2322604
4142996
3919606
894346
3477644
4053205
3110843
1458724
3769327
4080539
3769305
3354800
1491899
3648263
4143011
2859583
3645878
4225864
3634267
4307327
1098216
3634265
3634273
1406056
4050281
2393377
1745592
4189634
1435939
3656588
1577128
4224634
4032078
2377581
1397048
2899993
3518435
3374286
2222766
3486588
3648936
3681983
3388574
3087073
4298251
4264600
3604050
3604048
3688822
4121161
2440620
4028772
3641070
3803526
2078178
2412360
3373864
3829884
3929493
3413291
4301755
4198603
4191953
3189812
3546906
4106677
2081842
2625173
3755481
2946083
2616760
3763201
2437036
3810756
2561037
2698409
2618359
2520073
3175247
3813550
3537012
3660424
4211162
2073318
4050277
1629490
3520987
2174768
4183596
2547970
3415811
945527
4082447
3157298
1632066
1425404
3725483
3518434
4171610
3485558
3030099
3595841
4227751
3857684
4102196
4032366
4102192
4159997
3811352
3838445
3804433
4259940
226195
3076859
1002634
1057856
2750841
3000848
3487868
3931378
4221836
4284943
4225862
1041003
2989399
1435901
4306124
2763652
4178314
602106
2044715
3139884
4306123
3634278
2580825
3261216
3371973
4022033
3991683
2162429
1073146
3126509
2899987
1383175
4178025
3518432
4306122
3619211
4252352
4306090
305795
2888164
3065379
2540278
4250988
872692
3783602
472340
2538527
3341546
2697964
4060905
4318663
1105771
2534577
4307573
2469386
2866266
1381114
1842164
4246620
2388233
3626497
1752181
2467719
3215822
3971811
3715549
1779174
1325674
3666804
2260259
2115350
3563906
1422733
3784208
3648257
3481036
2307971
4074116
3716253
3086457
1219069
850828
3035166
3792803
1405782
2126131
3951905
2989234
3688927
3558244
4249517
3168366
4251790
3518430
4259947
3604463
4198481
2578644
15775
366468
3011118
3027401
2752789
4204755
2751688
2923150
3919604
3124647
4044207
3994734
2007290
3789166
4203681
1546352
3336376
3180614
4072565
4072567
4285368
2436396
1280541
4239645
4262419
3784006
3633577
4127953
517689
4314153
4054972
4168523
4314188
4301756
3586037
2569506
4226782
3347772
4223515
1260536
3645623
4121158
4223521
4052734
2549816
4307399
512601
4091864
3651656
4226781
1802736
4152212
3919601
4292591
2608448
3558243
4292522
2719629
3742420
4307574
2410015
2056352
2044062
4309451
4252326
3774384
854928
4292495
3944097
3354730
2434556
21275
3061666
4188530
3558242
3157863
3639909
4298872
2555402
4188829
3485519
869732
4188837
3784003
1995088
4311925
2428225
4047084
4254066
472417
3988978
4311922
3725379
3492934
2852309
4270415
4193706
3849494
3558246
4271667
4194439
4062668
2501487
3804962
4051363
3541054
3173786
2373851
3518427
3784222
861642
844451
3615053
672524
3730877
4177658
4103082
1990413
1923546
3690848
3705799
4259941
2007085
1128243
4120513
2964542
895097
3352156
2464660
332268
4198292
4059961
4198493
855228
3094395
3707626
3707628
3762726
3762748
2061119
4185507
1081779
2877934
3983167
1546280
4084122
709027
1604733
3384010
3781083
2201625
799774
4080569
1544879
4274415
2513867
3980702
2158641
2307323
3025811
3949876
4306024
3447535
2633485
2736647
2388660
4241798
3722446
4168885
4205569
3818013
3983125
1676067
2073009
2770387
1012380
803556
1969402
4143952
4226783
3983085
2949408
2961372
3467529
4205456
3143988
4305112
3773549
3822228
4137763
3204082
2818849
1499888
2471780
3095762
4069538
2470368
2863822
3645828
3072415
3571114
2620265
3571121
3926308
2446933
3298934
2619853
3514409
2157021
2896141
2619092
2746682
3838770
3201168
3378935
4241009
4142117
3954376
4094130
3972860
3324374
3702694
1536397
3349370
3784005
2596614
1563017
2709636
3988621
4252380
3491297
2482947
4297352
3250301
2681835
3807613
1753869
3751163
4225868
4311810
4312958
3055279
4282569
3677260
3481145
4282572
2349097
4155005
2847628
3789757
3004984
4300773
4062660
3762222
3477900
1434529
2961126
3016506
2859579
3389610
2472383
3070739
4141370
3536375
4287499
4271776
3731888
4277469
2093021
3213214
4100712
4126956
1619730
2669986
1254260
2079051
297300
1282668
1266172
2794473
3802586
946154
2667096
4076734
2467293
4307335
2047614
4254051
2504619
4278159
937276
2452850
4266203
2187411
4285446
4268844
3789455
3781189
3780775
4116109
1285220
2469266
3643219
1616658
4209712
2628625
2863584
2984957
2536822
2636680
3600080
4235409
2570570
3183039
4042070
3962269
4098182
3274548
3962271
1536707
2630523
2964884
3109390
3899112
3129742
4283444
2167201
2999084
3080619
3062524
3960359
1631791
3883773
2582213
30156
3963273
3703592
2815001
4016176
3644991
2802193
3647897
3677412
3512829
3774526
3389211
3677172
3523620
736226
3845495
1584990
1179642
3057741
1070713
1054376
4183411
2986932
4091985
2937242
2914865
4091984
1244782
329394
3634276
1346779
3152281
3905025
3430780
2451342
4151897
3692010
3905023
2506501
3873465
2222645
3711654
15494
3634271
3962245
3124654
2215179
1457297
3121958
2898153
1784825
3648024
3970512
3259064
3814564
4294962
1996977
4029883
2104208
1639776
4192295
2898630
1939878
3434295
2188281
3873464
1787669
3015959
1500465
3969514
2193540
3737354
3423411
3592659
2094205
4311978
857384
3445694
1130498
916656
2990103
3536005
2255600
4130217
2189625
1536143
3082075
864087
3894506
1152364
2209358
3009285
1704556
2599423
3356666
4033090
937429
4139195
3609852
3126595
3543363
3007388
4285035
3906836
800417
2391778
2955554
3606883
3121205
1286822
4095489
2061841
4089660
3811340
2059597
922973
4230833
3312253
2083450
3488616
3919621
4086140
2525396
2796247
4093926
999675
4319018
2546146
4196695
4149765
3861524
2191611
2794465
1758109
1591695
2602638
3786951
3190559
4280942
4243304
2838820
1959276
1047825
3978962
2234654
4307207
4201213
4162608
4051498
2450347
3391804
2462147
2618794
3917500
4035465
3784020
2686730
2158910
2618491
2488240
3699986
3372472
2485771
2590306
2485755
2445384
2480162
2475964
2898156
2601985
2404828
2048193
3942153
82574
2170050
3043731
3784004
3502638
4030809
4068887
3420607
3719938
2669315
4081543
4028649
2530341
2093817
2070893
3088717
3925551
4249574
1454775
3373939
1372146
4152682
25475
2530946
2785876
2768270
3043716
4319564
3391789
3365315
3205389
2912253
4227906
3668324
3020495
828137
863873
2911255
4094333
3574726
1192994
3824862
3101143
2069363
4195619
4152322
3847354
2566951
4215707
2682224
3314504
856310
3177279
2608207
3529191
3920923
4310070
3624709
215774
4308221
4253054
3554151
2836844
4252018
3917794
2870590
3003467
1471321
1439632
1131056
3771699
948372
1260378
3661159
3575130
2567564
794114
2825459
3066046
2095571
2991708
3476679
3567380
3673992
900949
3255037
4203578
4203589
4203586
4203581
938818
4203576
2321409
4203588
4203577
3054046
4203580
4203583
4203575
611254
1549285
4060567
3525681
2050309
2730550
3404745
4313490
3405769
2585386
2788659
3090627
2885822
2573128
2260555
4054495
2975511
3530550
3361395
3990093
2745033
2213316
3385930
2927228
2752961
3932381
4043340
3919620
3226865
2882624
2961891
4246112
2882638
3767974
1549640
4272411
4271294
1457905
3409334
3492716
4076782
988342
2850652
4245535
106057
1237477
1498145
3722186
4050881
3750356
4054172
3252658
3439340
4168494
1189302
1765845
3536377
3775932
3658341
4051750
4188839
3438555
1629873
3800812
3609909
1297882
363105
1127271
2834864
2108592
3067314
2746050
2801425
4035386
3643150
4058097
1095474
2465290
3712755
3806234
3875026
2864079
1498825
3796098
3303608
2909776
658608
4174052
868073
3795320
872077
2817513
1793495
3559461
2189633
4300277
4220907
203671
3056804
3931078
3911440
2716760
4079112
4317970
3831999
932983
2330496
3426495
2557762
2466519
1686058
3800811
4277211
4105976
3107936
3668345
4076934
3010762
1752567
3959534
3241178
3565232
2547997
4297390
4251825
1989818
3352011
1192936
4261214
4311688
1172824
3160126
3268645
3556272
3484568
3426932
3357689
4302619
4292648
4317655
2402308
2488071
1530830
2065248
3533221
2459020
2697697
1262560
3114672
3139315
2077019
2925931
3629282
4174064
2235421
2467710
2120314
2575924
4303037
3788753
3178211
1807375
1101817
4095948
3534631
15339
4085423
3816173
4299510
3479373
4270624
2478433
2331884
2886025
2961321
4044677
3418264
4182350
2912621
927816
3919607
3956016
2116473
3313721
3312740
3312632
3310575
3307290
3306198
4071338
3771933
2481742
3958690
4069007
2725202
3255020
3789755
3789754
3789756
3363154
4285355
3075787
3437759
3512010
3477714
4242737
2659890
2659889
2659888
2659887
2623476
3505953
4290227
2045582
3789342
3332055
3331730
3328570
3327777
4298051
4298052
4298048
4050749
3389317
3843785
3127961
4259884
4275115
3648935
4275749
4274738
4274735
4274724
4274652
3255028
4274656
4274405
3255025
4273666
4273645
4273592
4271947
4271867
4271575
4270630
4270552
4284725
3009613
4138065
1161286
3986227
3897604
2058261
4160407
4266526
4084625
4050621
4291268
3485740
2070660
4292568
4290596
3896021
1784622
3150259
2183948
2377608
3980749
3896007
1831281
4290673
14842
4183564
3433424
3795380
4189448
4154086
2225856
4096996
1482313
3737322
3920608
3775979
4299098
4265061
4265059
2352570
3004172
3878549
1116735
3919217
3933414
1383894
1650941
4116647
4046051
3919216
3841252
3633434
3515891
2792486
2290461
4225866
1178931
4265060
3623977
3623764
3153186
3542610
2909959
2155367
2155368
3445969
1585343
3066533
3554554
2712328
4084678
3919215
4309603
4200891
1412234
3692727
1808209
3982897
3919214
2120453
4046049
3286576
3990006
1006726
1310384
4231905
3919213
3437325
4113240
3499864
4271541
3535000
4270670
4046053
4046055
2922564
4265057
4116643
4265055
4035739
4280976
3734159
3352662
3919211
2072995
3733562
4265058
3886098
3648932
4265053
1837261
4265052
3919210
3648931
4265054
4312973
4043988
4043967
4043858
2196993
3919208
2129095
1790225
1068822
4152469
4287403
1463381
3919207
857027
3539569
3918891
2650097
3057409
3053671
4308915
4264562
2116344
275872
2452965
3264292
3043709
2452958
3990008
2452896
2781333
1049512
4281346
4269830
4284166
4303114
4185871
4244754
4231956
4188440
4215067
4264478
4251938
4310055
4310058
4257323
4251949
4274994
4267827
4274742
4314683
4195146
4294228
4266839
4246105
4224602
4312411
4281694
4293989
4286567
4294001
4290165
4195958
4234123
4274325
4276888
4281503
4308383
4285348
4185516
4199086
4268465
4284337
4271548
4291516
4219327
4307648
4213703
4291275
4296918
4239066
4204254
4282592
4292068
4272102
4222694
4208619
4294649
4312314
4183290
4298492
944641
4165634
3109637
4037382
4185350
4059398
3909640
3875081
2359822
2349584
3648273
3962898
3970322
4040466
4050706
3987731
4110612
4165404
4147485
3820574
4141344
3944992
2196001
4127266
4094755
3826470
3603239
4085800
3897645
3843119
4045872
4012338
4078898
4039223
4112699
4130622
3961406
3988543
4112704
4069953
4102209
3966786
3915331
4112707
3952708
2870852
4063046
3820872
3784009
4025674
1601867
4040523
3941964
4064333
4032591
3852623
4121169
4032594
4110418
4032596
3870293
4171094
4177240
4022878
3580257
4161380
4154726
4154727
4154728
4094313
3928170
1504365
4037998
3828591
3960943
3834735
3379057
3826803
4081780
3894900
3941239
4111223
3986044
3482493
3986301
4093571
3974532
4155271
3986055
3817103
4151951
4029329
3938962
4049555
3852697
4091802
3922335
3894432
4021154
4083619
4049321
4090794
4027563
3970987
4088749
4070327
4153272
3988921
3860414
4074943
3983298
3927502
4059342
3859408
4154068
4055765
4098009
4159962
4079838
3959774
4085730
4038627
3985381
4052455
3908585
2145769
4086252
3985388
3942381
4060909
4038126
3217658
4047100
3831551
3803904
3791617
3663107
3524103
3667720
3611661
3574801
3702548
3572246
3492888
3505944
3611931
3614494
3757857
3542562
3683362
3558948
3589671
3754289
3717170
1119796
3661108
3537717
3603510
3481143
3645496
3628602
3799613
3583040
3625032
3682125
3784015
3465039
3771986
3566676
3773781
3732055
3495260
3549293
3725421
3722609
3812210
3773300
3503989
3723381
3805815
2764410
3494781
3611263
3582849
2298754
3802248
3584904
3714957
3618958
3541391
3489680
3499415
3574423
3736732
3670687
3664295
3467946
3498667
3490481
3783605
3625142
3768502
3605434
3703745
3762883
3483339
3723475
3788757
3664341
3538136
3517401
3749851
3644127
3805921
2985186
3477990
3812328
3679468
3755501
3564788
3815933
3783934
3416591
3372066
3338274
3130405
3409710
3192878
3284271
3145263
3310386
3284787
3198260
3356475
3101755
3348807
3372106
3136588
3077199
3074642
3230810
3438687
3395938
3098979
3364452
3358825
3458418
3149943
3423608
3420285
3438461
3179133
3144064
3453827
3141252
3365511
3386759
3265428
3438485
3369370
3100315
3257768
3081644
3430325
3331006
3179973
3100103
3327433
3408587
3111889
3342546
3092692
3241177
3411679
3367649
3387105
3090154
3092716
3158769
3377394
3228927
2961669
3051021
2875664
2862102
3625249
3044385
3818018
2894372
2867236
2908711
2886698
3589677
3828782
2963770
2949961
2908756
4110679
3051866
2991710
2991711
3051874
3013733
2975346
3047794
2948726
2920323
3814790
3540627
2928534
3703960
3047577
3018143
2976935
2973096
2922421
2938553
2922689
3824855
2912481
2979306
3032302
2998514
3065334
3065337
2914301
3931133
3043071
2853908
2665492
2664731
2627359
2734624
2848306
2844211
2659894
2638908
2660933
2635607
2805095
2734195
2820468
2753656
2692984
2638511
2858683
2667199
2839508
2687206
2818790
2803950
2752757
2658814
2812414
2822912
2700545
2610690
2514952
2827529
664589
2458392
2726424
1448988
2045469
2696228
2524966
2555431
2514216
2722859
2726715
2538301
2802240
3033665
2549825
2798406
2798408
2829642
2451787
2608726
2829419
2479727
1483888
2466435
2538119
2552711
2199437
2914702
2455188
2696345
2474394
2987422
2446239
2490536
2606761
2699442
2806713
2723259
1444803
2695113
3022539
2524619
2478027
2781646
2712273
2793428
2459863
2958296
2829532
2890718
2517731
2448870
2580199
2621672
2788849
2562549
2839802
2505471
2278409
2280211
2259231
2315046
2374192
2230636
2346348
2312563
3096952
4292746
2208397
2414739
3138200
2402201
2399138
4311715
2366116
2423466
3556269
2258096
3654320
2423735
2279105
3444940
3082703
3055318
2378718
2286047
3398116
3490549
3074805
3452153
2225660
2134533
2170636
2078739
2417171
2193431
2130204
2422050
2196003
2070566
2184999
2141482
2150443
2176046
2177336
2112312
2107195
2119228
2192188
3784002
2349390
2142546
2158419
2175837
2357086
2163295
2179682
2070635
2061198
2085017
511919
2198966
2064836
2137031
2073543
2361801
2203339
2352857
2352859
2147570
2167283
2169843
2147575
1772087
1686091
2057294
1770832
1750107
1772899
1758063
1647730
1807480
1823121
1920658
1775518
1692834
1956783
1722317
1745365
1807074
1850853
1481513
3784007
1549642
1448291
1812584
1496428
1533585
1505685
1541272
1502882
2055848
1586092
1495468
1508528
1519548
1851081
1810385
1562588
1556973
1564915
1178625
1592835
1401349
1208072
1378329
1295143
1284139
1342510
1195568
1411130
1379649
1581633
1155143
1417822
1392233
1236076
1545333
1403774
1610366
1342849
1370498
1180805
1293196
1303710
1406625
1615525
1419183
1230771
1382326
1228224
1285315
1243332
1365450
1571787
1202131
1586645
1183958
1391575
3935204
1256173
1399025
1326591
921351
991754
931087
1129234
1014802
754707
967701
958232
869918
920101
715050
954667
1094714
884027
1108541
913474
610627
784457
3784012
1063245
244301
3784013
401231
935503
380751
677201
1125204
922200
803163
1051229
1120606
1025887
1105511
986225
925809
909681
1088626
381298
1082483
292987
855424
1123976
1027726
40085
933015
877723
1046956
17843
677556
1074884
741573
877765
956620
22479
922065
964305
1078226
871129
938206
708830
15584
935904
991202
866792
1110505
983018
948204
705518
176111
871664
1044980
983288
914680
1063677
3734576
4173862
2688694
4303889
4284722
3943037
2433462
3555314
3057869
3832227
1630767
2456055
4284724
3022070
2798517
2303697
4290332
1566479
4115719
4262416
1229945
1506746
1094078
3912254
3070724
2389358
2867544
1400302
2454219
3055579
2749390
2104772
4311135
2762458
3488559
4284723
1392078
4069772
4281816
3143629
1436875
4284719
3952729
2465422
4094910
1264782
4295807
4308270
4318300
4251196
1439858
4269434
3919625
2749347
3513467
736631
3802437
2573950
3111892
4265042
4298665
2194457
2139048
3658515
4029172
2455445
3067433
4025196
3714146
3825656
2995376
137151
3140531
2590091
1575991
3493065
4290206
4294612
3352347
3536358
4259946
1623094
3454061
4259948
2543037
3557753
3312345
1496820
1785136
4082604
882854
2924446
2478683
2164777
4252337
4252336
4252335
4252334
4252331
4311734
3476905
1449282
3978778
4316232
4249687
2314828
4022230
3866009
4153511
4195562
4310722
2054705
4153268
4268632
4153265
2699183
3685892
1546575
4045755
889677
3623810
1586209
4188828
4259665
3913311
3832009
3832202
4257955
968133
1275907
663386
4053567
2474797
1433088
4278147
4314020
3919218
4248961
3841763
3973288
4301364
3712780
2849788
4248962
872675
852542
4114716
2251768
3641973
4188832
1405590
1281734
2960199
2899254
652360
4280671
2322534
2470749
4241296
4149533
4212148
4164229
3644678
4206651
4142911
564726
3202753
2249910
4229600
1623849
4201197
4188834
32454
2726445
4262967
3975165
2107377
4258082
2867570
3336983
3941136
4107102
996158
989119
712460
800920
3919608
4042692
1154695
2897656
2616730
1698100
1402546
2178742
2112685
4035096
4282169
2222649
4020287
3126855
4043595
4075607
2187666
4314775
4250792
2928581
4290041
4150185
1539121
3910378
3476007
15304
3637996
911498
1490176
2894687
2327553
2409084
1093468
4206502
1647673
1068746
2167905
1000958
898327
1984234
2669352
2037687
2037683
4311602
2966327
2214203
2208060
2222401
2208578
2406223
2210130
2211666
14264
1581321
1001394
3024847
503497
2552216
14253
216190
3874719
4298721
3878740
2928152
2931483
2931493
2931491
3426269
2950759
3389480
3392046
3392050
3392057
3392063
1068740
3645767
4266906
1147150
3476069
2618766
2747147
2571250
3566550
3817046
911897
2750440
3856391
2397399
16206
4177545
3012757
3558731
4052053
3873558
2239127
4051480
2225842
3064228
3812686
1087356
4089286
2043675
2057335
3562106
4302693
4298452
4106944
1227711
4294039
3653357
4190318
3426159
2431356
4319666
2408255
4252361
1624003
1094902
4293618
915250
15100
4302939
1327263
3554277
14164
3799786
4110170
3772976
3014233
4174326
4287112
2272899
4068985
4269032
1466165
1756035
4047292
3850621
2960207
1508406
4085751
2251906
1492426
1056145
880475
28241
3772612
3757460
14846
961901
487731
4275492
1503253
4131110
4186115
4312327
4308236
4207376
4195866
4279326
4252702
4246571
4187696
4298305
4237128
4243784
4284239
4281692
4266854
4253548
4246639
4276600
4189582
4264337
4246175
4275619
4239541
4274366
4264390
4301766
4185802
4180963
4280551
4266734
4141833
3823370
4162827
4083480
4068895
3989543
3910447
3849529
4153929
4140106
4069963
3948619
4072012
4121167
4153938
3834713
4022886
4301172
3833468
3854461
3964043
3914892
4064399
3900837
4034984
3947178
3859372
3889584
3816128
4039884
3875281
4074968
4174300
3837152
3909612
4047092
4057342
3674116
3619849
3520268
3629071
3547414
3658782
3472159
3585063
3619368
3712552
3711808
3632451
3601496
3740765
3685222
3690861
3521133
3498879
3704970
3516042
3493773
1623949
3808910
3797135
3534482
3789203
3802261
3565462
3619225
3817117
3787683
3725221
3565224
3533482
3469487
3762870
3707575
3597756
3555518
3624657
3762647
3609307
3663068
3602413
3662844
3568127
3432453
3450384
3133717
3073311
3134506
3316267
3334468
3355211
3377507
3131750
3142765
3386478
3248496
3197296
3268215
3415676
3351428
3461773
3245200
3458212
3456421
3382962
3372227
3378921
3330032
4241129
3125247
2933505
3051284
2940702
4037419
2943791
2882618
2910276
2891342
2876243
2910298
2928730
2870880
2906474
3025778
3011702
3064187
2893692
3006846
3041408
3057024
2956736
3048133
4112839
3021780
2933988
2935524
3029223
3794167
2879737
2877437
2629383
2734355
2698294
2827073
2680911
2674836
2633640
2810034
2674113
2746569
2636747
2693069
2804453
2709234
2736115
2473482
2614545
2730524
2574622
2540322
2541875
2404664
2698076
2517601
2601059
3035763
2597752
2246273
2574214
2762639
2459045
2763686
2475948
2597306
2555581
2534590
2595267
2499022
2556371
2483435
2488570
3235587
3493397
2403115
2234697
3485797
3085936
2373756
2266244
2327175
2329481
2224057
2130465
2058285
2197554
2157905
2128980
2184790
2427227
2111329
2063487
2074241
2138003
2141854
2190759
2185682
2107605
2136806
2438893
1836321
1745200
1759035
1846594
1680970
1704534
1649497
1649500
1704797
1745287
1650840
1757617
1649351
1817565
1836770
1659890
1958900
1454619
1563184
1898039
1556537
1497916
1870653
1506367
1550942
1543024
1498481
1541241
1459841
1625992
1541793
1815729
1495988
1465802
1987286
1834209
1270568
1545771
1630002
1592893
1154123
1386575
1538912
1321058
1149284
1176167
1214833
1333124
1175956
1187242
1279658
1438380
1433012
1604545
1254609
1376722
1263842
1344739
1592804
1436136
1329900
1210607
1375481
879363
724742
864266
443914
344587
893452
879886
868112
909331
746278
218155
905007
1009209
1125435
536892
971324
877373
918080
981322
868940
861773
940877
162637
20305
844884
453214
475237
15462
445809
1129845
15737
226178
1054086
330376
1009038
496016
14230
883102
433822
884386
878246
342185
830633
528042
335536
857009
944825
948160
927170
911816
983241
148426
18893
741839
1136080
954579
15066
360926
857825
862692
924134
844268
862702
848881
1704617
4318246
848818
335529
1492290
3677901
3872050
1359316
4252341
4252339
4252338
3064858
1378583
2458323
3466461
2611329
4317664
888058
4283594
4246662
4090865
3943630
3510501
3132009
4255040
1052712
3426881
3974969
4190165
4185757
3980095
4281005
475322
1495778
3870264
3076180
1416237
3173696
4091272
3918903
1647979
2309532
1366373
4150879
3338955
871130
870284
2081593
3902184
3461809
3931088
2359094
3471717
3203481
3596120
1170148
1471820
1252627
2784200
1761831
3445481
3320685
2567511
1067855
1056329
1213648
4319506
2736413
4317739
3572033
1335877
2801736
4129867
3972442
3468130
4115044
4214374
3559807
952191
3478153
4150157
4284046
4188068
954799
4112312
3831225
1007292
4100543
4075201
4317378
4167901
4316125
3582690
3062242
3125997
4130034
4296958
3463678
790215
3825098
4252022
3392344
3566150
1522552
1984234
2669352
2037687
2037683
4311602
2966327
2214203
2208060
2208578
2406223
2210130
2211666
2146697
1271692
1250851
2373257
